,overall_acc,bal_acc,avg_odds_diff,disp_imp,stat_par_diff,eq_opp_diff,theil_ind,f1_score,TPR,TNR,FPR,FNR,GTPR,GTNR,GFPR,GFNR,PPV,NPV,FDR,FOR,ACC,MCC,fitness,solution,tune_results_history,fitness_rule,method,dataset,best_solution_tf_history
0,0.3346839546191248,0.33928178625853045,0.14837892358437982,1.524830119375574,0.16938282581314368,0.1338290669810962,0.5498719643386925,0.3231657048639736,0.2903703703703704,0.3881932021466905,0.6118067978533095,0.7096296296296296,1.0,1.0,0.0,0.0,0.3643122676579926,0.3117816091954023,0.6356877323420075,0.6882183908045977,0.3346839546191248,-0.3226689124537622,-0.4920517382669059,{'dropout': 0.07686058834956255},"[{'overall_acc': 0.3667679837892604, 'bal_acc': 0.36719635378171966, 'avg_odds_diff': 0.17161971666899672, 'disp_imp': 1.877122646459982, 'stat_par_diff': 0.19707502499575544, 'eq_opp_diff': 0.1265727666713267, 'theil_ind': 0.5507029675234919, 'f1_score': 0.26383981154299174, 'TPR': 0.22626262626262628, 'TNR': 0.508130081300813, 'FPR': 0.491869918699187, 'FNR': 0.7737373737373737, 'GTPR': 1.0, 'GTNR': 1.0, 'GFPR': 0.0, 'GFNR': 0.0, 'PPV': 0.3163841807909605, 'NPV': 0.3949447077409163, 'FDR': 0.6836158192090396, 'FOR': 0.6050552922590837, 'ACC': 0.3667679837892604, 'MCC': -0.2768991735663016, 'fitness': -0.473974198562057, 'solution': {'dropout': 0.08318011181170824}}, {'overall_acc': 0.3667679837892604, 'bal_acc': 0.3669623059866962, 'avg_odds_diff': 0.20082551715957278, 'disp_imp': 1.8043838644317554, 'stat_par_diff': 0.22655115169122225, 'eq_opp_diff': 0.16225709492520618, 'theil_ind': 0.48912527261611716, 'f1_score': 0.32432432432432434, 'TPR': 0.30303030303030304, 'TNR': 0.43089430894308944, 'FPR': 0.5691056910569106, 'FNR': 0.696969696969697, 'GTPR': 1.0, 'GTNR': 1.0, 'GFPR': 0.0, 'GFNR': 0.0, 'PPV': 0.3488372093023256, 'NPV': 0.38061041292639136, 'FDR': 0.6511627906976745, 'FOR': 0.6193895870736086, 'ACC': 0.3667679837892604, 'MCC': -0.268304545054711, 'fitness': -0.49485569674593327, 'solution': {'dropout': 0.15864627579350654}}, {'overall_acc': 0.3606889564336373, 'bal_acc': 0.361080315348608, 'avg_odds_diff': 0.16391068874117942, 'disp_imp': 1.797003686563652, 'stat_par_diff': 0.1916844309456885, 'eq_opp_diff': 0.1275688522298336, 'theil_ind': 0.545613591042364, 'f1_score': 0.26713124274099886, 'TPR': 0.23232323232323232, 'TNR': 0.4898373983739837, 'FPR': 0.5101626016260162, 'FNR': 0.7676767676767676, 'GTPR': 1.0, 'GTNR': 1.0, 'GFPR': 0.0, 'GFNR': 0.0, 'PPV': 0.31420765027322406, 'NPV': 0.38808373590982287, 'FDR': 0.6857923497267759, 'FOR': 0.6119162640901772, 'ACC': 0.3606889564336373, 'MCC': -0.28760245739372314, 'fitness': -0.47928688833941163, 'solution': {'dropout': 0.0904093219248688}}, {'overall_acc': 0.3657548125633232, 'bal_acc': 0.3659891598915989, 'avg_odds_diff': 0.16918131051886118, 'disp_imp': 1.6870997854604413, 'stat_par_diff': 0.1978673432813296, 'eq_opp_diff': 0.1570494897245911, 'theil_ind': 0.5001958527882909, 'f1_score': 0.31359649122807015, 'TPR': 0.28888888888888886, 'TNR': 0.44308943089430897, 'FPR': 0.556910569105691, 'FNR': 0.7111111111111111, 'GTPR': 1.0, 'GTNR': 1.0, 'GFPR': 0.0, 'GFNR': 0.0, 'PPV': 0.34292565947242204, 'NPV': 0.3824561403508772, 'FDR': 0.657074340527578, 'FOR': 0.6175438596491228, 'ACC': 0.3657548125633232, 'MCC': -0.2712998920557718, 'fitness': -0.4691672353371014, 'solution': {'dropout': 0.12306368226772108}}, {'overall_acc': 0.3677811550151976, 'bal_acc': 0.36797240699679723, 'avg_odds_diff': 0.14542197806387658, 'disp_imp': 1.5387112481739977, 'stat_par_diff': 0.17218302552396764, 'eq_opp_diff': 0.11357122885502588, 'theil_ind': 0.48758513983157137, 'f1_score': 0.326133909287257, 'TPR': 0.30505050505050507, 'TNR': 0.43089430894308944, 'FPR': 0.5691056910569106, 'FNR': 0.694949494949495, 'GTPR': 1.0, 'GTNR': 1.0, 'GFPR': 0.0, 'GFNR': 0.0, 'PPV': 0.3503480278422274, 'NPV': 0.381294964028777, 'FDR': 0.6496519721577726, 'FOR': 0.6187050359712231, 'ACC': 0.3677811550151976, 'MCC': -0.26619740738336356, 'fitness': -0.4383804329073312, 'solution': {'dropout': 0.04727707669560728}}, {'overall_acc': 0.38703140830800403, 'bal_acc': 0.38729366839122936, 'avg_odds_diff': 0.16657768443557622, 'disp_imp': 1.6639841033283655, 'stat_par_diff': 0.18910939651757247, 'eq_opp_diff': 0.14174122745701107, 'theil_ind': 0.49121998669811706, 'f1_score': 0.3300110741971207, 'TPR': 0.301010101010101, 'TNR': 0.4735772357723577, 'FPR': 0.5264227642276422, 'FNR': 0.6989898989898989, 'GTPR': 1.0, 'GTNR': 1.0, 'GFPR': 0.0, 'GFNR': 0.0, 'PPV': 0.36519607843137253, 'NPV': 0.40241796200345425, 'FDR': 0.6348039215686274, 'FOR': 0.5975820379965457, 'ACC': 0.38703140830800403, 'MCC': -0.22887275512814878, 'fitness': -0.4179821516457213, 'solution': {'dropout': 0.14630917208850386}}, {'overall_acc': 0.36271529888551163, 'bal_acc': 0.3630142892338014, 'avg_odds_diff': 0.19007485380860187, 'disp_imp': 1.860208643815201, 'stat_par_diff': 0.21777434020638003, 'eq_opp_diff': 0.1617153641828603, 'theil_ind': 0.5194010055592968, 'f1_score': 0.2940516273849607, 'TPR': 0.26464646464646463, 'TNR': 0.4613821138211382, 'FPR': 0.5386178861788617, 'FNR': 0.7353535353535353, 'GTPR': 1.0, 'GTNR': 1.0, 'GFPR': 0.0, 'GFNR': 0.0, 'PPV': 0.33080808080808083, 'NPV': 0.3840947546531303, 'FDR': 0.6691919191919192, 'FOR': 0.6159052453468697, 'ACC': 0.36271529888551163, 'MCC': -0.27947893559899595, 'fitness': -0.497253275805376, 'solution': {'dropout': 0.12294658228154176}}, {'overall_acc': 0.3829787234042553, 'bal_acc': 0.38351810790835184, 'avg_odds_diff': 0.17814600993861446, 'disp_imp': 2.067341938417237, 'stat_par_diff': 0.19928219736271202, 'eq_opp_diff': 0.12901929260450162, 'theil_ind': 0.5673142880656348, 'f1_score': 0.25092250922509224, 'TPR': 0.20606060606060606, 'TNR': 0.5609756097560976, 'FPR': 0.43902439024390244, 'FNR': 0.793939393939394, 'GTPR': 1.0, 'GTNR': 1.0, 'GFPR': 0.0, 'GFNR': 0.0, 'PPV': 0.32075471698113206, 'NPV': 0.4125560538116592, 'FDR': 0.6792452830188679, 'FOR': 0.5874439461883408, 'ACC': 0.3829787234042553, 'MCC': -0.24925675926048194, 'fitness': -0.448538956623194, 'solution': {'dropout': 0.0026370665238597325}}, {'overall_acc': 0.3708206686930091, 'bal_acc': 0.37112589307711263, 'avg_odds_diff': 0.2241909342269331, 'disp_imp': 2.0708409039870976, 'stat_par_diff': 0.2473778037691713, 'eq_opp_diff': 0.17136166643366418, 'theil_ind': 0.5147663324978946, 'f1_score': 0.3014623172103487, 'TPR': 0.27070707070707073, 'TNR': 0.4715447154471545, 'FPR': 0.5284552845528455, 'FNR': 0.7292929292929293, 'GTPR': 1.0, 'GTNR': 1.0, 'GFPR': 0.0, 'GFNR': 0.0, 'PPV': 0.3401015228426396, 'NPV': 0.3912310286677909, 'FDR': 0.6598984771573604, 'FOR': 0.6087689713322091, 'ACC': 0.3708206686930091, 'MCC': -0.26315120172001544, 'fitness': -0.5105290054891867, 'solution': {'dropout': 0.0878494726433041}}, {'overall_acc': 0.36879432624113473, 'bal_acc': 0.3689886671593989, 'avg_odds_diff': 0.20104434531248455, 'disp_imp': 1.8043838644317554, 'stat_par_diff': 0.22655115169122225, 'eq_opp_diff': 0.1654725290088075, 'theil_ind': 0.48762169955633416, 'f1_score': 0.32648648648648654, 'TPR': 0.30505050505050507, 'TNR': 0.4329268292682927, 'FPR': 0.5670731707317073, 'FNR': 0.694949494949495, 'GTPR': 1.0, 'GTNR': 1.0, 'GFPR': 0.0, 'GFNR': 0.0, 'PPV': 0.3511627906976744, 'NPV': 0.38240574506283664, 'FDR': 0.6488372093023256, 'FOR': 0.6175942549371634, 'ACC': 0.36879432624113473, 'MCC': -0.26421786934531283, 'fitness': -0.4907690210365351, 'solution': {'dropout': 0.10989094650985301}}, {'overall_acc': 0.3718338399189463, 'bal_acc': 0.37204976595220496, 'avg_odds_diff': 0.1563504117083035, 'disp_imp': 1.6041356184798807, 'stat_par_diff': 0.18353487143692582, 'eq_opp_diff': 0.14174122745701107, 'theil_ind': 0.490876744591676, 'f1_score': 0.32461873638344224, 'TPR': 0.301010101010101, 'TNR': 0.44308943089430897, 'FPR': 0.556910569105691, 'FNR': 0.6989898989898989, 'GTPR': 1.0, 'GTNR': 1.0, 'GFPR': 0.0, 'GFNR': 0.0, 'PPV': 0.35224586288416077, 'NPV': 0.38652482269503546, 'FDR': 0.6477541371158393, 'FOR': 0.6134751773049646, 'ACC': 0.3718338399189463, 'MCC': -0.2585511629070226, 'fitness': -0.44208603434394844, 'solution': {'dropout': 0.13213818655921203}}, {'overall_acc': 0.3637284701114488, 'bal_acc': 0.36396895787139694, 'avg_odds_diff': 0.14257020435022674, 'disp_imp': 1.5439027762840505, 'stat_par_diff': 0.16695749778339525, 'eq_opp_diff': 0.07276667132671605, 'theil_ind': 0.503319932148389, 'f1_score': 0.3098901098901099, 'TPR': 0.28484848484848485, 'TNR': 0.44308943089430897, 'FPR': 0.556910569105691, 'FNR': 0.7151515151515152, 'GTPR': 1.0, 'GTNR': 1.0, 'GFPR': 0.0, 'GFNR': 0.0, 'PPV': 0.3397590361445783, 'NPV': 0.3811188811188811, 'FDR': 0.6602409638554216, 'FOR': 0.6188811188811189, 'ACC': 0.3637284701114488, 'MCC': -0.27556947507210516, 'fitness': -0.4425269728555004, 'solution': {'dropout': 0.03543137938501515}}, {'overall_acc': 0.3718338399189463, 'bal_acc': 0.3720312884947031, 'avg_odds_diff': 0.16619188883099134, 'disp_imp': 1.633569299552906, 'stat_par_diff': 0.19247674923126262, 'eq_opp_diff': 0.14273731301551798, 'theil_ind': 0.4861519554368172, 'f1_score': 0.32900432900432897, 'TPR': 0.30707070707070705, 'TNR': 0.4369918699186992, 'FPR': 0.5630081300813008, 'FNR': 0.692929292929293, 'GTPR': 1.0, 'GTNR': 1.0, 'GFPR': 0.0, 'GFNR': 0.0, 'PPV': 0.3543123543123543, 'NPV': 0.38530465949820786, 'FDR': 0.6456876456876457, 'FOR': 0.6146953405017921, 'ACC': 0.3718338399189463, 'MCC': -0.2581506352522258, 'fitness': -0.45062738448348844, 'solution': {'dropout': 0.043758238180033465}}, {'overall_acc': 0.3728470111448835, 'bal_acc': 0.3731029810298103, 'avg_odds_diff': 0.16981262365017433, 'disp_imp': 1.698554898775934, 'stat_par_diff': 0.19674489237676623, 'eq_opp_diff': 0.1570494897245911, 'theil_ind': 0.500410945556014, 'f1_score': 0.31602209944751375, 'TPR': 0.28888888888888886, 'TNR': 0.4573170731707317, 'FPR': 0.5426829268292683, 'FNR': 0.7111111111111111, 'GTPR': 1.0, 'GTNR': 1.0, 'GFPR': 0.0, 'GFNR': 0.0, 'PPV': 0.348780487804878, 'NPV': 0.389948006932409, 'FDR': 0.651219512195122, 'FOR': 0.610051993067591, 'ACC': 0.3728470111448835, 'MCC': -0.2575056316265433, 'fitness': -0.4542505240033095, 'solution': {'dropout': 0.19680492862938026}}, {'overall_acc': 0.3860182370820669, 'bal_acc': 0.38620965755112097, 'avg_odds_diff': 0.22425809895403076, 'disp_imp': 1.916998334356097, 'stat_par_diff': 0.2466609443679375, 'eq_opp_diff': 0.203061652453516, 'theil_ind': 0.4740676433526125, 'f1_score': 0.34557235421166305, 'TPR': 0.32323232323232326, 'TNR': 0.4491869918699187, 'FPR': 0.5508130081300813, 'FNR': 0.6767676767676768, 'GTPR': 1.0, 'GTNR': 1.0, 'GFPR': 0.0, 'GFNR': 0.0, 'PPV': 0.37122969837587005, 'NPV': 0.39748201438848924, 'FDR': 0.62877030162413, 'FOR': 0.6025179856115108, 'ACC': 0.3860182370820669, 'MCC': -0.2294269967068316, 'fitness': -0.4760879410747691, 'solution': {'dropout': 0.19891199512870347}}, {'overall_acc': 0.3738601823708207, 'bal_acc': 0.37420546932742055, 'avg_odds_diff': 0.1739806318462127, 'disp_imp': 1.8002980625931446, 'stat_par_diff': 0.20007451564828616, 'eq_opp_diff': 0.15528449601565775, 'theil_ind': 0.522901928040858, 'f1_score': 0.29452054794520555, 'TPR': 0.2606060606060606, 'TNR': 0.4878048780487805, 'FPR': 0.5121951219512195, 'FNR': 0.7393939393939394, 'GTPR': 1.0, 'GTNR': 1.0, 'GFPR': 0.0, 'GFNR': 0.0, 'PPV': 0.33858267716535434, 'NPV': 0.39603960396039606, 'FDR': 0.6614173228346457, 'FOR': 0.6039603960396039, 'ACC': 0.3738601823708207, 'MCC': -0.2583914301858557, 'fitness': -0.45846594583414185, 'solution': {'dropout': 0.18903679220580794}}, {'overall_acc': 0.3738601823708207, 'bal_acc': 0.37418699186991866, 'avg_odds_diff': 0.20367752034535205, 'disp_imp': 1.9591058122205665, 'stat_par_diff': 0.22763587315361544, 'eq_opp_diff': 0.16493079826646162, 'theil_ind': 0.5180524478752354, 'f1_score': 0.29931972789115646, 'TPR': 0.26666666666666666, 'TNR': 0.4817073170731707, 'FPR': 0.5182926829268293, 'FNR': 0.7333333333333333, 'GTPR': 1.0, 'GTNR': 1.0, 'GFPR': 0.0, 'GFNR': 0.0, 'PPV': 0.34108527131782945, 'NPV': 0.395, 'FDR': 0.6589147286821705, 'FOR': 0.605, 'ACC': 0.3738601823708207, 'MCC': -0.25769713194111465, 'fitness': -0.4853330050947301, 'solution': {'dropout': 0.1681676382042745}}, {'overall_acc': 0.36271529888551163, 'bal_acc': 0.36306356245380633, 'avg_odds_diff': 0.1834024397476795, 'disp_imp': 1.8837555886736215, 'stat_par_diff': 0.2125488124658077, 'eq_opp_diff': 0.1705927582832378, 'theil_ind': 0.5324559031481395, 'f1_score': 0.28114285714285714, 'TPR': 0.24848484848484848, 'TNR': 0.47764227642276424, 'FPR': 0.5223577235772358, 'FNR': 0.7515151515151515, 'GTPR': 1.0, 'GTNR': 1.0, 'GFPR': 0.0, 'GFNR': 0.0, 'PPV': 0.3236842105263158, 'NPV': 0.3871499176276771, 'FDR': 0.6763157894736842, 'FOR': 0.6128500823723229, 'ACC': 0.36271529888551163, 'MCC': -0.2814155089917092, 'fitness': -0.4939643214575169, 'solution': {'dropout': 0.19199606538630695}}, {'overall_acc': 0.37487335359675783, 'bal_acc': 0.375160137965016, 'avg_odds_diff': 0.17660715218732836, 'disp_imp': 1.7452441483299728, 'stat_par_diff': 0.20046124243053065, 'eq_opp_diff': 0.135537536697889, 'theil_ind': 0.5068348802304805, 'f1_score': 0.31061452513966475, 'TPR': 0.2808080808080808, 'TNR': 0.4695121951219512, 'FPR': 0.5304878048780488, 'FNR': 0.7191919191919192, 'GTPR': 1.0, 'GTNR': 1.0, 'GFPR': 0.0, 'GFNR': 0.0, 'PPV': 0.3475, 'NPV': 0.393526405451448, 'FDR': 0.6525, 'FOR': 0.606473594548552, 'ACC': 0.37487335359675783, 'MCC': -0.25428420247488875, 'fitness': -0.4547454449054194, 'solution': {'dropout': 0.19474715627015438}}, {'overall_acc': 0.3657548125633232, 'bal_acc': 0.36607538802660755, 'avg_odds_diff': 0.19374195964962077, 'disp_imp': 1.908219946968084, 'stat_par_diff': 0.2213067592295648, 'eq_opp_diff': 0.1725849294002516, 'theil_ind': 0.5227344723976103, 'f1_score': 0.2918552036199095, 'TPR': 0.2606060606060606, 'TNR': 0.4715447154471545, 'FPR': 0.5284552845528455, 'FNR': 0.7393939393939394, 'GTPR': 1.0, 'GTNR': 1.0, 'GFPR': 0.0, 'GFNR': 0.0, 'PPV': 0.33161953727506427, 'NPV': 0.3879598662207358, 'FDR': 0.6683804627249358, 'FOR': 0.6120401337792643, 'ACC': 0.3657548125633232, 'MCC': -0.27406283796301983, 'fitness': -0.49536959719258467, 'solution': {'dropout': 0.15855471345334454}}, {'overall_acc': 0.3698074974670719, 'bal_acc': 0.3701219512195122, 'avg_odds_diff': 0.1643454854712369, 'disp_imp': 1.721169540841672, 'stat_par_diff': 0.19170329566677358, 'eq_opp_diff': 0.14763036488186776, 'theil_ind': 0.517970251660837, 'f1_score': 0.2979683972911964, 'TPR': 0.26666666666666666, 'TNR': 0.4735772357723577, 'FPR': 0.5264227642276422, 'FNR': 0.7333333333333333, 'GTPR': 1.0, 'GTNR': 1.0, 'GFPR': 0.0, 'GFNR': 0.0, 'PPV': 0.3375959079283887, 'NPV': 0.39093959731543626, 'FDR': 0.6624040920716112, 'FOR': 0.6090604026845637, 'ACC': 0.3698074974670719, 'MCC': -0.26554577342564867, 'fitness': -0.45724906909242224, 'solution': {'dropout': 0.1539215789561117}}, {'overall_acc': 0.3677811550151976, 'bal_acc': 0.368040157674304, 'avg_odds_diff': 0.158265374279634, 'disp_imp': 1.6456985637313508, 'stat_par_diff': 0.1859448395555472, 'eq_opp_diff': 0.13875297078149026, 'theil_ind': 0.5050528874203163, 'f1_score': 0.30973451327433627, 'TPR': 0.2828282828282828, 'TNR': 0.4532520325203252, 'FPR': 0.5467479674796748, 'FNR': 0.7171717171717171, 'GTPR': 1.0, 'GTNR': 1.0, 'GFPR': 0.0, 'GFNR': 0.0, 'PPV': 0.3422982885085575, 'NPV': 0.38581314878892736, 'FDR': 0.6577017114914425, 'FOR': 0.6141868512110726, 'ACC': 0.3677811550151976, 'MCC': -0.26787449249372, 'fitness': -0.45381933204926717, 'solution': {'dropout': 0.06316534792222814}}, {'overall_acc': 0.3677811550151976, 'bal_acc': 0.3681510224193151, 'avg_odds_diff': 0.13971218193397697, 'disp_imp': 1.620254062877014, 'stat_par_diff': 0.16487766228376316, 'eq_opp_diff': 0.08952537396896404, 'theil_ind': 0.5342062950924608, 'f1_score': 0.28110599078341014, 'TPR': 0.24646464646464647, 'TNR': 0.4898373983739837, 'FPR': 0.5101626016260162, 'FNR': 0.7535353535353535, 'GTPR': 1.0, 'GTNR': 1.0, 'GFPR': 0.0, 'GFNR': 0.0, 'PPV': 0.32707774798927614, 'NPV': 0.3925081433224756, 'FDR': 0.6729222520107239, 'FOR': 0.6074918566775245, 'ACC': 0.3677811550151976, 'MCC': -0.2719276136391616, 'fitness': -0.4368052759229248, 'solution': {'dropout': 0.0636464666966776}}, {'overall_acc': 0.3677811550151976, 'bal_acc': 0.36805247597930524, 'avg_odds_diff': 0.1816294498176226, 'disp_imp': 1.7729464363987026, 'stat_par_diff': 0.20791280725914468, 'eq_opp_diff': 0.1496225359988816, 'theil_ind': 0.5082569805173953, 'f1_score': 0.30666666666666664, 'TPR': 0.2787878787878788, 'TNR': 0.4573170731707317, 'FPR': 0.5426829268292683, 'FNR': 0.7212121212121212, 'GTPR': 1.0, 'GTNR': 1.0, 'GFPR': 0.0, 'GFNR': 0.0, 'PPV': 0.34074074074074073, 'NPV': 0.3865979381443299, 'FDR': 0.6592592592592592, 'FOR': 0.6134020618556701, 'ACC': 0.3677811550151976, 'MCC': -0.26824237628430936, 'fitness': -0.47615518354345404, 'solution': {'dropout': 0.06491280842639979}}, {'overall_acc': 0.353596757852077, 'bal_acc': 0.3538433111603843, 'avg_odds_diff': 0.23271337024657307, 'disp_imp': 2.088242215075692, 'stat_par_diff': 0.26172914033466016, 'eq_opp_diff': 0.2005277505941563, 'theil_ind': 0.512580214398008, 'f1_score': 0.2973568281938326, 'TPR': 0.2727272727272727, 'TNR': 0.4349593495934959, 'FPR': 0.5650406504065041, 'FNR': 0.7272727272727273, 'GTPR': 1.0, 'GTNR': 1.0, 'GFPR': 0.0, 'GFNR': 0.0, 'PPV': 0.3268765133171913, 'NPV': 0.37282229965156793, 'FDR': 0.6731234866828087, 'FOR': 0.627177700348432, 'ACC': 0.353596757852077, 'MCC': -0.29628036435475197, 'fitness': -0.5580095046894121, 'solution': {'dropout': 0.06879497603958168}}, {'overall_acc': 0.3617021276595745, 'bal_acc': 0.3619241192411924, 'avg_odds_diff': 0.19459227745086827, 'disp_imp': 1.8079723178649123, 'stat_par_diff': 0.22244807485521323, 'eq_opp_diff': 0.16569970641688803, 'theil_ind': 0.5000478854445697, 'f1_score': 0.31222707423580787, 'TPR': 0.28888888888888886, 'TNR': 0.4349593495934959, 'FPR': 0.5650406504065041, 'FNR': 0.7111111111111111, 'GTPR': 1.0, 'GTNR': 1.0, 'GFPR': 0.0, 'GFNR': 0.0, 'PPV': 0.33966745843230406, 'NPV': 0.37809187279151946, 'FDR': 0.6603325415676959, 'FOR': 0.6219081272084805, 'ACC': 0.3617021276595745, 'MCC': -0.2791796157574025, 'fitness': -0.5016276906126158, 'solution': {'dropout': 0.06733750362858577}}, {'overall_acc': 0.36879432624113473, 'bal_acc': 0.369130327666913, 'avg_odds_diff': 0.17360336201381915, 'disp_imp': 1.7895678092399403, 'stat_par_diff': 0.19989058461770642, 'eq_opp_diff': 0.14341884523975953, 'theil_ind': 0.5244310677284736, 'f1_score': 0.29124004550625704, 'TPR': 0.2585858585858586, 'TNR': 0.4796747967479675, 'FPR': 0.5203252032520326, 'FNR': 0.7414141414141414, 'GTPR': 1.0, 'GTNR': 1.0, 'GFPR': 0.0, 'GFNR': 0.0, 'PPV': 0.3333333333333333, 'NPV': 0.3913764510779436, 'FDR': 0.6666666666666666, 'FOR': 0.6086235489220564, 'ACC': 0.36879432624113473, 'MCC': -0.2684292842094583, 'fitness': -0.4683198688271647, 'solution': {'dropout': 0.13736147569106244}}, {'overall_acc': 0.3728470111448835, 'bal_acc': 0.3730660261148066, 'avg_odds_diff': 0.1541098634887954, 'disp_imp': 1.5992300049677097, 'stat_par_diff': 0.182044558471203, 'eq_opp_diff': 0.15039144414930797, 'theil_ind': 0.49090769619129, 'f1_score': 0.3249727371864776, 'TPR': 0.301010101010101, 'TNR': 0.4451219512195122, 'FPR': 0.5548780487804879, 'FNR': 0.6989898989898989, 'GTPR': 1.0, 'GTNR': 1.0, 'GFPR': 0.0, 'GFNR': 0.0, 'PPV': 0.35308056872037913, 'NPV': 0.38761061946902653, 'FDR': 0.6469194312796208, 'FOR': 0.6123893805309735, 'ACC': 0.3728470111448835, 'MCC': -0.2565739579402653, 'fitness': -0.43861851641146826, 'solution': {'dropout': 0.10530563926489113}}, {'overall_acc': 0.3708206686930091, 'bal_acc': 0.370990391722099, 'avg_odds_diff': 0.19509750447294133, 'disp_imp': 1.7470313927215038, 'stat_par_diff': 0.21985417570601218, 'eq_opp_diff': 0.1555990493499231, 'theil_ind': 0.4798456789160822, 'f1_score': 0.3344051446945338, 'TPR': 0.3151515151515151, 'TNR': 0.4268292682926829, 'FPR': 0.573170731707317, 'FNR': 0.6848484848484848, 'GTPR': 1.0, 'GTNR': 1.0, 'GFPR': 0.0, 'GFNR': 0.0, 'PPV': 0.3561643835616438, 'NPV': 0.3825136612021858, 'FDR': 0.6438356164383562, 'FOR': 0.6174863387978142, 'ACC': 0.3708206686930091, 'MCC': -0.259665334919521, 'fitness': -0.47951951062553316, 'solution': {'dropout': 0.10263172537410882}}, {'overall_acc': 0.3738601823708207, 'bal_acc': 0.3741993101749199, 'avg_odds_diff': 0.16832702108460532, 'disp_imp': 1.7558462585784993, 'stat_par_diff': 0.19374540172423554, 'eq_opp_diff': 0.1411994967146652, 'theil_ind': 0.5212832654911043, 'f1_score': 0.296127562642369, 'TPR': 0.26262626262626265, 'TNR': 0.48577235772357724, 'FPR': 0.5142276422764228, 'FNR': 0.7373737373737373, 'GTPR': 1.0, 'GTNR': 1.0, 'GFPR': 0.0, 'GFNR': 0.0, 'PPV': 0.3394255874673629, 'NPV': 0.3956953642384106, 'FDR': 0.660574412532637, 'FOR': 0.6043046357615894, 'ACC': 0.3738601823708207, 'MCC': -0.25815486435713114, 'fitness': -0.4519002660813667, 'solution': {'dropout': 0.10191233458089573}}, {'overall_acc': 0.3576494427558257, 'bal_acc': 0.3578529194382853, 'avg_odds_diff': 0.16946204319159722, 'disp_imp': 1.668326093160415, 'stat_par_diff': 0.1988058631553133, 'eq_opp_diff': 0.1429644904235985, 'theil_ind': 0.49828413927249426, 'f1_score': 0.31236442516268975, 'TPR': 0.2909090909090909, 'TNR': 0.4247967479674797, 'FPR': 0.5752032520325203, 'FNR': 0.7090909090909091, 'GTPR': 1.0, 'GTNR': 1.0, 'GFPR': 0.0, 'GFNR': 0.0, 'PPV': 0.3372365339578454, 'NPV': 0.3732142857142857, 'FDR': 0.6627634660421545, 'FOR': 0.6267857142857143, 'ACC': 0.3576494427558257, 'MCC': -0.2869096396520829, 'fitness': -0.48571550280739617, 'solution': {'dropout': 0.042287290996861474}}, {'overall_acc': 0.3698074974670719, 'bal_acc': 0.37002340477950235, 'avg_odds_diff': 0.2036409636699725, 'disp_imp': 1.8454233528575885, 'stat_par_diff': 0.230083570714407, 'eq_opp_diff': 0.18177687683489446, 'theil_ind': 0.4923918203961786, 'f1_score': 0.3224400871459695, 'TPR': 0.298989898989899, 'TNR': 0.4410569105691057, 'FPR': 0.5589430894308943, 'FNR': 0.701010101010101, 'GTPR': 1.0, 'GTNR': 1.0, 'GFPR': 0.0, 'GFNR': 0.0, 'PPV': 0.34988179669030733, 'NPV': 0.38475177304964536, 'FDR': 0.6501182033096927, 'FOR': 0.6152482269503546, 'ACC': 0.3698074974670719, 'MCC': -0.2626458645820207, 'fitness': -0.4927294352964277, 'solution': {'dropout': 0.10474475722103574}}, {'overall_acc': 0.3677811550151976, 'bal_acc': 0.3681941364868194, 'avg_odds_diff': 0.16631213222678343, 'disp_imp': 1.84504828205704, 'stat_par_diff': 0.19521684996887317, 'eq_opp_diff': 0.1621697189990214, 'theil_ind': 0.5457383152235075, 'f1_score': 0.26932084309133486, 'TPR': 0.23232323232323232, 'TNR': 0.5040650406504065, 'FPR': 0.4959349593495935, 'FNR': 0.7676767676767676, 'GTPR': 1.0, 'GTNR': 1.0, 'GFPR': 0.0, 'GFNR': 0.0, 'PPV': 0.3203342618384401, 'NPV': 0.39490445859872614, 'FDR': 0.6796657381615598, 'FOR': 0.6050955414012739, 'ACC': 0.3677811550151976, 'MCC': -0.27398250436076216, 'fitness': -0.46919935432963533, 'solution': {'dropout': 0.10759120767646424}}, {'overall_acc': 0.3546099290780142, 'bal_acc': 0.35481029810298104, 'avg_odds_diff': 0.1766605309349612, 'disp_imp': 1.696392801628127, 'stat_par_diff': 0.20495104604878417, 'eq_opp_diff': 0.13109883964770028, 'theil_ind': 0.49974625299818787, 'f1_score': 0.30985915492957744, 'TPR': 0.28888888888888886, 'TNR': 0.42073170731707316, 'FPR': 0.5792682926829268, 'FNR': 0.7111111111111111, 'GTPR': 1.0, 'GTNR': 1.0, 'GFPR': 0.0, 'GFNR': 0.0, 'PPV': 0.3341121495327103, 'NPV': 0.370304114490161, 'FDR': 0.6658878504672897, 'FOR': 0.629695885509839, 'ACC': 0.3546099290780142, 'MCC': -0.2929700138653322, 'fitness': -0.4979210599141164, 'solution': {'dropout': 0.03909099007876375}}, {'overall_acc': 0.36879432624113473, 'bal_acc': 0.3690748952944075, 'avg_odds_diff': 0.15391509460606345, 'disp_imp': 1.6325881768504718, 'stat_par_diff': 0.18016751872323566, 'eq_opp_diff': 0.12045645183838949, 'theil_ind': 0.5098904451288387, 'f1_score': 0.3054626532887402, 'TPR': 0.2767676767676768, 'TNR': 0.4613821138211382, 'FPR': 0.5386178861788617, 'FNR': 0.7232323232323232, 'GTPR': 1.0, 'GTNR': 1.0, 'GFPR': 0.0, 'GFNR': 0.0, 'PPV': 0.3407960199004975, 'NPV': 0.38803418803418804, 'FDR': 0.6592039800995025, 'FOR': 0.611965811965812, 'ACC': 0.36879432624113473, 'MCC': -0.2664692605879524, 'fitness': -0.44663677931118806, 'solution': {'dropout': 0.08286056127165477}}, {'overall_acc': 0.3779128672745694, 'bal_acc': 0.37823355506282336, 'avg_odds_diff': 0.164779170144052, 'disp_imp': 1.7099567099567101, 'stat_par_diff': 0.18872266973532797, 'eq_opp_diff': 0.13132601705578079, 'theil_ind': 0.5132931941152955, 'f1_score': 0.3054298642533937, 'TPR': 0.2727272727272727, 'TNR': 0.483739837398374, 'FPR': 0.516260162601626, 'FNR': 0.7272727272727273, 'GTPR': 1.0, 'GTNR': 1.0, 'GFPR': 0.0, 'GFNR': 0.0, 'PPV': 0.34704370179948585, 'NPV': 0.3979933110367893, 'FDR': 0.6529562982005142, 'FOR': 0.6020066889632107, 'ACC': 0.3779128672745694, 'MCC': -0.2491824092406596, 'fitness': -0.43790507897598757, 'solution': {'dropout': 0.0797170065212457}}, {'overall_acc': 0.3708206686930091, 'bal_acc': 0.3711320522296132, 'avg_odds_diff': 0.16247975349750826, 'disp_imp': 1.7009204874200052, 'stat_par_diff': 0.18853873870474824, 'eq_opp_diff': 0.13354536558087515, 'theil_ind': 0.5163784061284759, 'f1_score': 0.29988726042841035, 'TPR': 0.2686868686868687, 'TNR': 0.4735772357723577, 'FPR': 0.5264227642276422, 'FNR': 0.7313131313131314, 'GTPR': 1.0, 'GTNR': 1.0, 'GFPR': 0.0, 'GFNR': 0.0, 'PPV': 0.3392857142857143, 'NPV': 0.3915966386554622, 'FDR': 0.6607142857142857, 'FOR': 0.6084033613445378, 'ACC': 0.3708206686930091, 'MCC': -0.26336529340543663, 'fitness': -0.4519040321101849, 'solution': {'dropout': 0.0841379709808476}}, {'overall_acc': 0.3606889564336373, 'bal_acc': 0.3609940872135994, 'avg_odds_diff': 0.13332161260303296, 'disp_imp': 1.5680712729893058, 'stat_par_diff': 0.16359014506970515, 'eq_opp_diff': 0.12068362924647003, 'theil_ind': 0.5225896641069232, 'f1_score': 0.2902137232845894, 'TPR': 0.2606060606060606, 'TNR': 0.4613821138211382, 'FPR': 0.5386178861788617, 'FNR': 0.7393939393939394, 'GTPR': 1.0, 'GTNR': 1.0, 'GFPR': 0.0, 'GFNR': 0.0, 'PPV': 0.32741116751269034, 'NPV': 0.3827993254637437, 'FDR': 0.6725888324873096, 'FOR': 0.6172006745362564, 'ACC': 0.3606889564336373, 'MCC': -0.28383958476481685, 'fitness': -0.447429729834522, 'solution': {'dropout': 0.0787923477717379}}, {'overall_acc': 0.36271529888551163, 'bal_acc': 0.36292806109879283, 'avg_odds_diff': 0.1983449410927392, 'disp_imp': 1.8242115901810643, 'stat_par_diff': 0.22691901375238166, 'eq_opp_diff': 0.18078079127638755, 'theil_ind': 0.49689835462010395, 'f1_score': 0.3155603917301415, 'TPR': 0.29292929292929293, 'TNR': 0.4329268292682927, 'FPR': 0.5670731707317073, 'FNR': 0.7070707070707071, 'GTPR': 1.0, 'GTNR': 1.0, 'GFPR': 0.0, 'GFNR': 0.0, 'PPV': 0.3419811320754717, 'NPV': 0.3783303730017762, 'FDR': 0.6580188679245284, 'FOR': 0.6216696269982238, 'ACC': 0.36271529888551163, 'MCC': -0.2769023087206825, 'fitness': -0.5038213224730641, 'solution': {'dropout': 0.08027622433417583}}, {'overall_acc': 0.375886524822695, 'bal_acc': 0.3762318305001232, 'avg_odds_diff': 0.17590277866036289, 'disp_imp': 1.8002980625931446, 'stat_par_diff': 0.20007451564828616, 'eq_opp_diff': 0.1411994967146652, 'theil_ind': 0.5213139619914653, 'f1_score': 0.29680365296803657, 'TPR': 0.26262626262626265, 'TNR': 0.4898373983739837, 'FPR': 0.5101626016260162, 'FNR': 0.7373737373737373, 'GTPR': 1.0, 'GTNR': 1.0, 'GFPR': 0.0, 'GFNR': 0.0, 'PPV': 0.34120734908136485, 'NPV': 0.3976897689768977, 'FDR': 0.6587926509186351, 'FOR': 0.6023102310231023, 'ACC': 0.375886524822695, 'MCC': -0.25422913188331225, 'fitness': -0.4543036475315984, 'solution': {'dropout': 0.08252155357610734}}, {'overall_acc': 0.375886524822695, 'bal_acc': 0.37613328406011337, 'avg_odds_diff': 0.20569638083618227, 'disp_imp': 1.8724076634406477, 'stat_par_diff': 0.2291450508404233, 'eq_opp_diff': 0.1666957919753949, 'theil_ind': 0.4957302276882635, 'f1_score': 0.3215859030837005, 'TPR': 0.29494949494949496, 'TNR': 0.4573170731707317, 'FPR': 0.5426829268292683, 'FNR': 0.705050505050505, 'GTPR': 1.0, 'GTNR': 1.0, 'GFPR': 0.0, 'GFNR': 0.0, 'PPV': 0.35351089588377727, 'NPV': 0.39198606271777003, 'FDR': 0.6464891041162227, 'FOR': 0.60801393728223, 'ACC': 0.375886524822695, 'MCC': -0.2510954238322131, 'fitness': -0.4802404746726364, 'solution': {'dropout': 0.08467439994422493}}, {'overall_acc': 0.3789260385005066, 'bal_acc': 0.3792744518354274, 'avg_odds_diff': 0.14190198150948885, 'disp_imp': 1.609953904273386, 'stat_par_diff': 0.16600011318832653, 'eq_opp_diff': 0.1098140640290787, 'theil_ind': 0.5197376062571313, 'f1_score': 0.29942857142857143, 'TPR': 0.26464646464646463, 'TNR': 0.49390243902439024, 'FPR': 0.5060975609756098, 'FNR': 0.7353535353535353, 'GTPR': 1.0, 'GTNR': 1.0, 'GFPR': 0.0, 'GFNR': 0.0, 'PPV': 0.3447368421052632, 'NPV': 0.400329489291598, 'FDR': 0.6552631578947369, 'FOR': 0.5996705107084019, 'ACC': 0.3789260385005066, 'MCC': -0.2481008137339312, 'fitness': -0.41410092692225775, 'solution': {'dropout': 0.07686058834956255}}, {'overall_acc': 0.3738601823708207, 'bal_acc': 0.37423626508992364, 'avg_odds_diff': 0.16672934786139038, 'disp_imp': 1.7690397034659329, 'stat_par_diff': 0.18982625591880622, 'eq_opp_diff': 0.11325667552076055, 'theil_ind': 0.5310278943484467, 'f1_score': 0.28637413394919164, 'TPR': 0.2505050505050505, 'TNR': 0.49796747967479676, 'FPR': 0.5020325203252033, 'FNR': 0.7494949494949495, 'GTPR': 1.0, 'GTNR': 1.0, 'GFPR': 0.0, 'GFNR': 0.0, 'PPV': 0.33423180592991913, 'NPV': 0.3977272727272727, 'FDR': 0.6657681940700808, 'FOR': 0.6022727272727273, 'ACC': 0.3738601823708207, 'MCC': -0.2596529505967901, 'fitness': -0.44947920651559636, 'solution': {'dropout': 0.05427016286801936}}, {'overall_acc': 0.3698074974670719, 'bal_acc': 0.37004804138950476, 'avg_odds_diff': 0.18647777227044668, 'disp_imp': 1.7754937732326086, 'stat_par_diff': 0.21350619706087642, 'eq_opp_diff': 0.16891514050048934, 'theil_ind': 0.49873461452616236, 'f1_score': 0.31648351648351647, 'TPR': 0.2909090909090909, 'TNR': 0.4491869918699187, 'FPR': 0.5508130081300813, 'FNR': 0.7090909090909091, 'GTPR': 1.0, 'GTNR': 1.0, 'GFPR': 0.0, 'GFNR': 0.0, 'PPV': 0.3469879518072289, 'NPV': 0.38636363636363635, 'FDR': 0.653012048192771, 'FOR': 0.6136363636363636, 'ACC': 0.3698074974670719, 'MCC': -0.2632545664469051, 'fitness': -0.4767607635077815, 'solution': {'dropout': 0.055921571655588705}}, {'overall_acc': 0.3718338399189463, 'bal_acc': 0.3722160630697216, 'avg_odds_diff': 0.1454286327556284, 'disp_imp': 1.6744494121543305, 'stat_par_diff': 0.17288102020411633, 'eq_opp_diff': 0.13277645743044875, 'theil_ind': 0.534269736163257, 'f1_score': 0.2824074074074074, 'TPR': 0.24646464646464647, 'TNR': 0.49796747967479676, 'FPR': 0.5020325203252033, 'FNR': 0.7535353535353535, 'GTPR': 1.0, 'GTNR': 1.0, 'GFPR': 0.0, 'GFNR': 0.0, 'PPV': 0.33062330623306235, 'NPV': 0.3964401294498382, 'FDR': 0.6693766937669376, 'FOR': 0.6035598705501618, 'ACC': 0.3718338399189463, 'MCC': -0.26410948002926027, 'fitness': -0.4369905002333766, 'solution': {'dropout': 0.09334520214953863}}, {'overall_acc': 0.353596757852077, 'bal_acc': 0.35373244641537327, 'avg_odds_diff': 0.1786581917313778, 'disp_imp': 1.6649354950398167, 'stat_par_diff': 0.20831839876247427, 'eq_opp_diff': 0.14595274709911923, 'theil_ind': 0.48379823979654785, 'f1_score': 0.3241525423728814, 'TPR': 0.3090909090909091, 'TNR': 0.3983739837398374, 'FPR': 0.6016260162601627, 'FNR': 0.6909090909090909, 'GTPR': 1.0, 'GTNR': 1.0, 'GFPR': 0.0, 'GFNR': 0.0, 'PPV': 0.34075723830734966, 'NPV': 0.3643122676579926, 'FDR': 0.6592427616926503, 'FOR': 0.6356877323420075, 'ACC': 0.353596757852077, 'MCC': -0.29373035879852377, 'fitness': -0.502048757560998, 'solution': {'dropout': 0.0944298270099354}}, {'overall_acc': 0.3617021276595745, 'bal_acc': 0.3619425966986942, 'avg_odds_diff': 0.18730577832003809, 'disp_imp': 1.7754937732326086, 'stat_par_diff': 0.21350619706087642, 'eq_opp_diff': 0.13875297078149026, 'theil_ind': 0.5048483713557979, 'f1_score': 0.30769230769230765, 'TPR': 0.2828282828282828, 'TNR': 0.4410569105691057, 'FPR': 0.5589430894308943, 'FNR': 0.7171717171717171, 'GTPR': 1.0, 'GTNR': 1.0, 'GFPR': 0.0, 'GFNR': 0.0, 'PPV': 0.3373493975903614, 'NPV': 0.3793706293706294, 'FDR': 0.6626506024096386, 'FOR': 0.6206293706293706, 'ACC': 0.3617021276595745, 'MCC': -0.2796744446138385, 'fitness': -0.4931806416747149, 'solution': {'dropout': 0.09524952065579323}}, {'overall_acc': 0.3586626139817629, 'bal_acc': 0.35889997536339, 'avg_odds_diff': 0.20145116409446062, 'disp_imp': 1.8613299269036976, 'stat_par_diff': 0.22896111980984363, 'eq_opp_diff': 0.1614881867747798, 'theil_ind': 0.506337046328014, 'f1_score': 0.305159165751921, 'TPR': 0.2808080808080808, 'TNR': 0.4369918699186992, 'FPR': 0.5630081300813008, 'FNR': 0.7191919191919192, 'GTPR': 1.0, 'GTNR': 1.0, 'GFPR': 0.0, 'GFNR': 0.0, 'PPV': 0.33413461538461536, 'NPV': 0.37653239929947463, 'FDR': 0.6658653846153846, 'FOR': 0.6234676007005254, 'ACC': 0.3586626139817629, 'MCC': -0.28574426103163936, 'fitness': -0.514705380841483, 'solution': {'dropout': 0.0566566688490062}}, {'overall_acc': 0.3576494427558257, 'bal_acc': 0.35795762503079576, 'avg_odds_diff': 0.15823056512277817, 'disp_imp': 1.681142342217447, 'stat_par_diff': 0.1853741817427229, 'eq_opp_diff': 0.10560254438697048, 'theil_ind': 0.5257539199146942, 'f1_score': 0.28603603603603606, 'TPR': 0.25656565656565655, 'TNR': 0.45934959349593496, 'FPR': 0.540650406504065, 'FNR': 0.7434343434343434, 'GTPR': 1.0, 'GTNR': 1.0, 'GFPR': 0.0, 'GFNR': 0.0, 'PPV': 0.3231552162849873, 'NPV': 0.38047138047138046, 'FDR': 0.6768447837150128, 'FOR': 0.6195286195286195, 'ACC': 0.3576494427558257, 'MCC': -0.2901640297295004, 'fitness': -0.4755382114722233, 'solution': {'dropout': 0.09371087467255183}}, {'overall_acc': 0.3556231003039514, 'bal_acc': 0.3559559004680956, 'avg_odds_diff': 0.16679919564723145, 'disp_imp': 1.7674743794962375, 'stat_par_diff': 0.19672602765568115, 'eq_opp_diff': 0.1414266741227457, 'theil_ind': 0.5338932830641849, 'f1_score': 0.2772727272727273, 'TPR': 0.24646464646464647, 'TNR': 0.4654471544715447, 'FPR': 0.5345528455284553, 'FNR': 0.7535353535353535, 'GTPR': 1.0, 'GTNR': 1.0, 'GFPR': 0.0, 'GFNR': 0.0, 'PPV': 0.3168831168831169, 'NPV': 0.3803986710963455, 'FDR': 0.6831168831168831, 'FOR': 0.6196013289036545, 'ACC': 0.3556231003039514, 'MCC': -0.29531262168219785, 'fitness': -0.492038649337879, 'solution': {'dropout': 0.09677543716468887}}]",mcc_parity,simple_mlp_initializer,compas_dataset_reader,"{'loss': [0.7181372637011817, 0.6118686776033364, 0.5935003726727845, 0.5768684560878236, 0.5721230134015471, 0.5586997271121206, 0.5591173623429411, 0.5502903285690406, 0.5501569711590006, 0.5451962200202607, 0.5434714930770257, 0.5364024287866402, 0.532976165081526, 0.5326876570496857, 0.5290685353662603, 0.5274171895421177, 0.5236597055383404, 0.5150533853202394, 0.5204338235988303, 0.513711578836847], 'accuracy': [0.5960801839828491, 0.6560035943984985, 0.6834872961044312, 0.6931741237640381, 0.6922730207443237, 0.7006082534790039, 0.7055643200874329, 0.7078170776367188, 0.7071412205696106, 0.7181797623634338, 0.7120973467826843, 0.7184050679206848, 0.7251633405685425, 0.7175039649009705, 0.7211083769798279, 0.7294435501098633, 0.7292183041572571, 0.7400315403938293, 0.7334985136985779, 0.7353007197380066], 'val_loss': [0.6579320973712905, 0.6524839915244686, 0.6548440376756645, 0.6619951056565351, 0.6635995019785306, 0.675236101575226, 0.6710560852699434, 0.6735283761371967, 0.6700012819004445, 0.6765290614564409, 0.6880837546186409, 0.679664161765141, 0.6898078250016279, 0.7015704515009273, 0.6980715985240241, 0.6951035162215291, 0.7014602490282251, 0.7410056868545439, 0.7135329598839949, 0.7356053646276837], 'val_accuracy': [0.6457489728927612, 0.637651801109314, 0.6336032152175903, 0.6497975587844849, 0.6619433164596558, 0.6437246799468994, 0.6578947305679321, 0.6497975587844849, 0.6558704376220703, 0.6619433164596558, 0.6659919023513794, 0.6578947305679321, 0.6639676094055176, 0.6538461446762085, 0.6801619529724121, 0.6680161952972412, 0.6680161952972412, 0.6578947305679321, 0.6761133670806885, 0.6659919023513794]}"
